0.9958 0.8045 0.9533 0.2651 11.00 2 0.69108 1.9987 2.00 0.8299 0.9435
0.9968 0.0097 0.9999 0.1396 0.00 1 0.32896 1.9825 11.00 0.6221 0.0524
0.8256 0.9997 0.9430 0.2984 19.00 1 0.01550 1.9981 -24.00 0.8135 0.5787
0.9896 0.9771 0.5654 0.1520 5.00 2 0.09568 1.9333 -7.00 0.7760 0.0000
0.9654 0.3115 0.8039 0.1427 19.00 1 0.68984 1.9996 -14.00 0.6462 0.9335
0.2462 0.2686 0.9982 0.3235 24.00 2 0.08005 1.9286 -23.00 0.4138 0.0000
0.9899 0.0038 0.7848 0.1586 1.00 1 0.00223 1.9987 -12.00 0.5776 0.8432
0.9693 0.2251 0.9745 0.5658 7.00 0 0.68787 1.7076 6.00 0.7237 0.9086
0.9973 0.7816 0.8790 0.9511 -8.00 0 0.25772 1.9903 -5.00 0.9128 0.1903
0.9994 0.0461 0.9999 0.9735 1.00 0 0.00278 1.8891 12.00 0.7573 0.8396
0.3086 0.9986 0.9968 0.5000 14.00 0 0.00000 1.9991 -23.00 0.6424 0.8500
0.9932 0.0615 0.9945 0.8383 14.00 1 0.00256 1.8801 -12.00 0.7373 0.8411
0.9992 0.6036 0.9410 0.9927 24.00 1 0.69310 1.9472 -12.00 0.8877 0.9500
0.9935 0.8196 0.9041 0.8446 12.00 0 0.68551 1.9544 8.00 0.9098 0.8654
0.5460 0.9667 0.9895 0.6934 10.22 1 0.36092 1.7968 -11.00 0.7620 0.0418
0.9634 0.9742 0.9990 0.6286 10.69 2 0.00297 1.7119 -8.00 0.9230 0.8381
0.6488 0.0104 0.6554 0.6997 -8.22 0 0.67146 1.9764 0.00 0.4982 0.4475
0.9938 0.6365 0.9270 0.3010 11.07 2 0.02606 1.8965 -7.00 0.7872 0.2869 0.3000 0.6900
